【最可疑的 10 個 'entry' 事件 (分數由低到高)】:
                                     filename  anomaly_score  duration_frames    tortuosity   speed_std
2   data_9e0a349c78df11f0818848b02d5abaeb.csv      -0.210770               42     68.239771  496.669820
8   data_abb932b478df11f0b56f48b02d552ee0.csv      -0.111989               32     44.018880  270.898425
14  data_b7c7c1f678df11f0a7b148b02de58517.csv      -0.107409               74     15.035993  476.012532
34  data_d1a68e2278df11f0b9a648b02d559302.csv      -0.106834               74  12975.476551  595.151728
40  data_e0a2792278df11f0ac7848b02d5af18e.csv      -0.091833               10      1.127226   52.379277
18  data_b979241878df11f08f9c48b02d559fd5.csv      -0.081740               12      2.813378  107.681828
12  data_b20bf87278df11f0aa3f48b02df80b1c.csv      -0.062758               74     46.898224  432.016050
44  data_e5b9273a78df11f0a58248b02d3e148b.csv       0.002733               48     13.374906  312.488602
35  data_d641c96a78df11f08d243c6d6615089f.csv       0.019350               52      4.267903  259.297205
37  data_d9f26e6678df11f0a00748b02d3e1384.csv       0.030655               59      9.289061  317.114831

【最可疑的 10 個 'exit' 事件 (分數由低到高)】:
                                     filename  anomaly_score  duration_frames    tortuosity   speed_std
64  data_82a289d478df11f0bbd648b02d3e1384.csv      -0.150905               23      1.639488  313.819194
82  data_ada4628878df11f0b15648b02d5521a0.csv      -0.120210               74  21087.176253  469.353846
67  data_848c8a6078df11f0bbe548b02d3e8274.csv      -0.057416               74  15625.283150  382.637712
70  data_8884e7e878df11f0a7f448b02d5590d0.csv      -0.031705               74     20.980840  500.456739
51  data_52fc619678df11f0ac9a3c6d661508a9.csv      -0.028368               74   9147.593430  392.738681
69  data_8680937078df11f0a32148b02d551919.csv      -0.025484               61      8.581907  413.987388
94  data_cda96df878df11f0998a48b02ddfc8d0.csv       0.011974               54      2.617032  232.196275
75  data_978f166e78df11f0a66948b02ddfcac3.csv       0.012001               74   2558.932033  519.446829
66  data_835135ce78df11f08f6948b02ddfcc4c.csv       0.012024               74     54.086408    0.730313
84  data_b65c726c78df11f096ff48b02de56bf3.csv       0.012438               71      1.081265   65.095521